4294967294,30
4294967294,165
4294967294,113
4294967294,180
4294967294,189
4294967294,177
4294967279,218
4294967294,1166
4294967294,184
4294967294,451
4294967294,422
4294967294,14
4294967294,20
4294967294,13
4294967294,127
4294967294,119
4294967293,131
4294967293,130
4294967293,129
4294967293,128
4294967293,127
4294967293,126
4294967293,125
4294967293,124
4294967293,123
4294967293,122
4294967293,121
4294967293,120
4294967293,119
4294967293,118
4294967293,117
4294967293,116
4294967293,115
4294967293,114
4294967293,113
4294967293,112
4294967293,111
4294967293,110
4294967293,109
4294967293,108
4294967293,107
4294967293,106
4294967293,105
4294967293,104
4294967293,103
4294967293,102
4294967293,101
4294967293,100
4294967293,99
4294967293,98
4294967293,97
4294967293,96
4294967293,95
4294967293,94
4294967293,93
4294967293,92
4294967293,91
4294967293,90
4294967293,89
4294967293,87
4294967293,86
4294967293,85
4294967293,84
4294967293,83
4294967293,82
4294967293,81
4294967293,80
4294967293,79
4294967293,78
4294967293,77
4294967293,76
4294967293,75
4294967293,74
4294967293,73
4294967293,72
4294967293,71
4294967293,70
4294967293,69
4294967293,68
4294967293,67
4294967293,66
4294967293,65
4294967293,64
4294967293,63
4294967293,62
4294967293,61
4294967293,60
4294967293,59
4294967293,58
4294967293,57
4294967293,56
4294967293,55
4294967293,54
4294967293,53
4294967293,52
4294967293,51
4294967293,50
4294967293,49
4294967293,48
4294967293,47
4294967293,46
4294967293,45
4294967293,44
4294967293,43
4294967293,42
4294967293,41
4294967293,40
4294967293,39
4294967293,38
4294967293,37
4294967293,36
4294967293,35
4294967293,34
4294967293,33
4294967293,32
4294967293,31
4294967293,30
4294967293,29
4294967293,28
4294967293,27
4294967293,26
4294967293,25
4294967293,24
4294967293,23
4294967293,22
4294967293,21
4294967293,20
4294967293,19
4294967293,18
4294967293,17
4294967293,16
4294967293,15
4294967293,14
4294967293,13
4294967293,12
4294967293,11
4294967293,10
4294967293,9
4294967293,8
4294967293,7
4294967293,6
4294967293,5
4294967293,4
4294967293,3
4294967279,28
4294967279,26
4294967279,282
4294967279,211
4294967279,210
4294967294,1420
4294967294,430
4294967278,387
4294967278,386
4294967294,398
4294967294,1083
4294967279,195
72,7
72,6
72,5
72,4
72,3
72,2
72,1
4294967279,186
4294967278,385
4294967279,185
4294967279,452
4294967278,384
4294967279,451
4294967279,171
4294967278,169
4294967279,170
4294967279,450
4294967279,165
4294967279,449
68,5
4294967279,161
68,4
68,3
68,2
68,1
4294967279,160
4294967294,1087
4294967279,448
4294967279,152
4294967279,149
4294967278,147
4294967279,147
4294967279,144
66,6
4294967279,146
66,5
4294967278,145
66,4
4294967279,145
66,3
66,2
66,1
4294967278,144
4294967279,140
4294967294,479
4294967294,182
4294967294,173
4294967294,1157
4294967279,27
4294967279,139
4294967278,138
4294967279,279
4294967278,136
4294967278,135
4294967279,134
4294967278,272
4294967278,383
4294967278,268
63,7
4294967278,263
4294967278,262
4294967278,261
63,6
63,5
63,4
63,3
63,2
63,1
4294967279,281
4294967279,257
4294967279,447
4294967278,382
4294967279,446
4294967279,255
4294967278,250
4294967278,381
4294967279,237
4294967279,236
60,5
4294967279,234
60,4
60,3
60,2
60,1
4294967279,232
4294967278,229
4294967279,229
4294967278,227
4294967279,226
4294967279,227
4294967278,380
4294967279,224
4294967279,222
4294967279,220
4294967278,217
4294967279,217
4294967279,213
4294967278,214
4294967279,280
4294967278,213
4294967279,214
4294967279,445
4294967279,444
4294967279,209
4294967279,208
4294967279,207
4294967279,206
4294967279,203
4294967279,205
4294967279,204
4294967279,202
4294967279,201
4294967278,199
4294967279,200
4294967278,198
4294967279,199
4294967294,1066
4294967294,1084
4294967294,1159
4294967279,198
4294967278,196
56,4
4294967279,197
56,3
56,2
56,1
4294967279,196
4294967279,193
55,5
4294967279,192
4294967278,190
4294967279,191
55,4
4294967278,189
55,3
55,2
55,1
4294967279,190
4294967279,189
4294967294,413
4294967294,110
4294967294,453
4294967279,188
4294967279,187
54,6
4294967279,184
4294967278,184
4294967294,1242
54,5
4294967279,183
4294967279,182
54,4
4294967278,180
54,3
54,2
54,1
4294967279,181
4294967294,1241
4294967279,180
4294967294,478
4294967278,176
4294967279,179
4294967279,178
53,5
4294967279,176
4294967278,173
53,4
4294967279,175
53,3
53,2
53,1
4294967279,173
4294967278,171
4294967279,172
4294967278,170
4294967294,1421
4294967279,168
4294967294,477
4294967279,167
4294967279,166
52,5
4294967279,164
52,4
4294967279,163
52,3
52,2
52,1
4294967278,161
4294967279,162
4294967278,160
4294967279,159
51,5
4294967279,158
4294967279,156
51,4
4294967278,155
51,3
51,2
51,1
4294967279,155
4294967279,138
4294967278,379
4294967278,151
50,4
4294967279,151
50,3
50,2
50,1
4294967279,150
4294967294,1079
4294967294,1156
4294967294,1158
4294967294,1067
4294967279,443
4294967279,31
4294967279,30
4294967279,442
4294967279,29
4294967279,441
4294967279,440
4294967279,35
4294967279,34
4294967279,33
4294967279,32
4294967279,277
4294967278,275
4294967278,134
4294967279,40
4294967279,39
4294967279,38
4294967279,37
4294967279,36
4294967278,274
4294967279,51
4294967279,50
4294967279,49
4294967279,48
4294967279,47
4294967279,46
4294967279,45
4294967279,44
4294967279,43
4294967279,42
4294967279,41
4294967278,271
4294967279,72
4294967279,71
4294967279,70
4294967279,69
4294967279,68
4294967279,67
4294967279,66
4294967279,65
4294967279,64
4294967279,63
4294967279,62
4294967279,61
4294967279,60
4294967279,59
4294967279,58
4294967279,57
4294967279,56
4294967279,55
4294967279,54
4294967279,53
4294967279,52
4294967294,12
4294967294,126
4294967294,18
4294967294,104
4294967294,106
4294967294,166
4294967294,24
